NT
OG
MJ 0,0,0,0,-8
TI 10
MJ -13.6,18.8,-66.5,-42.4,144.1
MJ -0.0,-10.3,5.3,5.0,0.0
GC
MJ -0.0,10.3,-5.3,-5.0,-144.1
MJ 109.7,-14.5,28.3,-13.8,90.0
MJ -0.0,-4.3,3.9,0.5,0.0
GO
MJ -0.0,4.3,-3.9,-0.5,0.0
MJ -84.2,5.2,-1.0,-4.2,59.4
MJ -0.0,-10.8,8.4,2.4,0.0
GC
MJ -0.0,10.8,-8.4,-2.4,-149.4
MJ 78.0,-4.5,-0.9,5.4,90.0
MJ -0.0,-4.3,3.7,0.6,0.0
GO
MJ -0.0,4.3,-3.7,-0.6,0.0
MJ -81.0,15.4,-31.5,16.1,-1.8
MJ -0.0,-10.4,5.1,5.3,0.0
GC
MJ -0.0,10.4,-5.1,-5.3,-88.2
MJ 74.8,-16.0,33.4,-17.4,90.0
MJ -0.0,-4.3,3.9,0.5,0.0
GO
MJ -0.0,4.3,-3.9,-0.5,0.0
MJ -90.8,6.0,-3.3,-2.7,-0.7
MJ -0.0,-10.6,7.9,2.7,0.0
GC
MJ -0.0,10.6,-7.9,-2.7,-89.3
MJ 100.1,2.5,-2.6,0.1,90.0
MJ -0.0,-3.6,1.5,2.0,0.0
GO
MJ -0.0,3.6,-1.5,-2.0,0.0
MJ -92.6,7.9,-29.0,21.0,-89.3
MJ -0.0,-10.5,5.1,5.4,0.0
GC
MJ -0.0,10.5,-5.1,-5.4,-0.7
MJ 86.4,-7.9,29.0,-21.0,90.0
MJ -0.0,-3.6,1.5,2.0,0.0
GO
MJ -0.0,3.6,-1.5,-2.0,0.0
MJ -86.6,-1.4,-0.5,1.9,-88.9
MJ -0.0,-10.5,7.3,3.1,0.0
GC
MJ -0.0,10.5,-7.3,-3.1,-1.1
MJ 89.7,8.2,-0.4,-7.8,90.0
MJ -0.0,-2.9,-0.2,3.2,0.0
GO
MJ -0.0,2.9,0.2,-3.2,0.0
